varietyOfTools/src/main/resources/example/windSpeed_2022071623.txt
NCOLS      120
NROWS      60
XLLCORNER    -180
YLLCORNER    -90
CELLSIZE    3
NODATA_VALUE   -9999.000
[rows 0 to 34 of 60, columns 0 to 77 of 120]
16.00 16.00 16.00 16.00 16.00 15.00 15.00 15.00 15.00 15.00 15.00 14.00 14.00 14.00 14.00 14.00 14.00 14.00 14.00 14.00 14.00 14.00 14.00 14.00 13.00 13.00 13.00 13.00 13.00 13.00 13.00 13.00 13.00 13.00 13.00 13.00 13.00 13.00 13.00 13.00 13.00 13.00 13.00 13.00 13.00 13.00 13.00 13.00 13.00 13.00 13.00 13.00 13.00 13.00 13.00 13.00 13.00 12.00 12.00 12.00 12.00 12.00 12.00 12.00 12.00 12.00 12.00 12.00 12.00 12.00 12.00 12.00 12.00 12.00 12.00 12.00 12.00 12.00
9.00 10.00 11.00 12.00 13.00 13.00 14.00 14.00 14.00 14.00 13.00 13.00 13.00 12.00 12.00 12.00 11.00 11.00 10.00 10.00 10.00 11.00 11.00 11.00 11.00 11.00 12.00 11.00 10.00 9.00 9.00 8.00 7.00 7.00 7.00 7.00 7.00 8.00 7.00 7.00 7.00 7.00 8.00 8.00 8.00 8.00 8.00 7.00 7.00 6.00 6.00 6.00 6.00 6.00 5.00 5.00 5.00 5.00 4.00 3.00 3.00 4.00 5.00 5.00 6.00 6.00 7.00 7.00 7.00 6.00 6.00 5.00 5.00 5.00 6.00 6.00 7.00 7.00
7.00 7.00 8.00 9.00 10.00 10.00 10.00 10.00 10.00 10.00 10.00 10.00 11.00 11.00 11.00 12.00 12.00 12.00 13.00 15.00 15.00 14.00 14.00 12.00 10.00 7.00 6.00 7.00 7.00 6.00 4.00 5.00 8.00 9.00 7.00 8.00 6.00 6.00 3.00 9.00 9.00 5.00 4.00 7.00 6.00 5.00 5.00 4.00 3.00 3.00 4.00 3.00 4.00 5.00 5.00 8.00 10.00 11.00 11.00 11.00 10.00 10.00 10.00 9.00 9.00 9.00 10.00 10.00 9.00 9.00 9.00 9.00 8.00 8.00 8.00 8.00 8.00 8.00
10.00 10.00 10.00 11.00 11.00 11.00 11.00 11.00 10.00 9.00 9.00 8.00 8.00 9.00 8.00 8.00 9.00 9.00 9.00 10.00 10.00 12.00 13.00 14.00 14.00 13.00 10.00 8.00 6.00 4.00 8.00 10.00 5.00 4.00 3.00 3.00 5.00 5.00 10.00 16.00 11.00 11.00 9.00 9.00 8.00 8.00 9.00 10.00 12.00 11.00 11.00 12.00 8.00 6.00 12.00 13.00 12.00 11.00 8.00 8.00 9.00 9.00 9.00 10.00 6.00 8.00 14.00 8.00 5.00 9.00 9.00 10.00 9.00 8.00 9.00 10.00 10.00 10.00
9.00 10.00 9.00 9.00 12.00 13.00 12.00 11.00 11.00 9.00 8.00 8.00 6.00 6.00 7.00 6.00 6.00 7.00 7.00 9.00 10.00 11.00 11.00 16.00 14.00 15.00 12.00 13.00 7.00 8.00 6.00 6.00 3.00 3.00 7.00 6.00 4.00 6.00 9.00 12.00 13.00 13.00 12.00 10.00 8.00 6.00 5.00 5.00 7.00 7.00 10.00 14.00 6.00 3.00 10.00 12.00 13.00 13.00 15.00 11.00 11.00 12.00 14.00 20.00 22.00 18.00 11.00 10.00 9.00 12.00 15.00 15.00 16.00 16.00 16.00 14.00 13.00 10.00
5.00 8.00 9.00 9.00 9.00 8.00 9.00 10.00 9.00 8.00 7.00 7.00 6.00 6.00 7.00 8.00 7.00 6.00 5.00 5.00 7.00 6.00 5.00 9.00 12.00 12.00 13.00 11.00 12.00 11.00 9.00 11.00 6.00 6.00 3.00 5.00 5.00 4.00 6.00 7.00 5.00 6.00 11.00 9.00 11.00 9.00 5.00 5.00 7.00 12.00 10.00 6.00 4.00 5.00 6.00 11.00 17.00 17.00 14.00 13.00 14.00 12.00 13.00 12.00 12.00 9.00 12.00 14.00 18.00 17.00 18.00 20.00 20.00 18.00 17.00 16.00 18.00 14.00
7.00 6.00 10.00 9.00 6.00 8.00 9.00 11.00 14.00 16.00 13.00 15.00 13.00 15.00 17.00 17.00 16.00 16.00 17.00 10.00 4.00 5.00 6.00 8.00 11.00 12.00 14.00 17.00 15.00 8.00 9.00 11.00 5.00 6.00 13.00 5.00 4.00 7.00 8.00 9.00 11.00 6.00 4.00 8.00 7.00 6.00 6.00 6.00 11.00 13.00 3.00 4.00 4.00 7.00 7.00 7.00 11.00 11.00 12.00 14.00 14.00 10.00 10.00 10.00 13.00 16.00 17.00 13.00 15.00 7.00 12.00 14.00 16.00 13.00 9.00 12.00 14.00 18.00
8.00 9.00 10.00 13.00 8.00 11.00 8.00 8.00 7.00 5.00 5.00 6.00 6.00 9.00 7.00 11.00 13.00 15.00 14.00 12.00 8.00 9.00 10.00 9.00 10.00 12.00 13.00 16.00 15.00 15.00 12.00 15.00 9.00 7.00 10.00 6.00 15.00 10.00 6.00 4.00 14.00 17.00 7.00 13.00 4.00 2.00 5.00 10.00 9.00 9.00 16.00 19.00 20.00 22.00 20.00 17.00 18.00 16.00 14.00 14.00 14.00 13.00 16.00 16.00 14.00 9.00 8.00 12.00 10.00 9.00 7.00 6.00 8.00 7.00 11.00 8.00 8.00 6.00
9.00 14.00 7.00 8.00 11.00 7.00 5.00 3.00 3.00 5.00 7.00 6.00 7.00 7.00 11.00 11.00 11.00 8.00 9.00 7.00 0.00 8.00 11.00 9.00 9.00 9.00 11.00 15.00 18.00 14.00 9.00 8.00 3.00 4.00 7.00 8.00 11.00 14.00 8.00 7.00 13.00 19.00 17.00 6.00 4.00 5.00 7.00 17.00 19.00 14.00 14.00 10.00 8.00 8.00 12.00 19.00 18.00 18.00 17.00 21.00 22.00 14.00 16.00 18.00 13.00 10.00 11.00 29.00 9.00 6.00 8.00 8.00 7.00 5.00 4.00 4.00 3.00 5.00
18.00 13.00 10.00 13.00 15.00 8.00 9.00 7.00 3.00 7.00 9.00 11.00 7.00 3.00 14.00 9.00 11.00 10.00 7.00 3.00 3.00 6.00 7.00 4.00 7.00 12.00 8.00 7.00 13.00 9.00 10.00 12.00 9.00 9.00 6.00 8.00 8.00 11.00 13.00 11.00 11.00 13.00 15.00 13.00 6.00 4.00 16.00 16.00 11.00 11.00 18.00 22.00 23.00 26.00 28.00 25.00 21.00 20.00 22.00 23.00 22.00 12.00 4.00 4.00 12.00 13.00 28.00 7.00 10.00 12.00 14.00 7.00 5.00 5.00 5.00 4.00 3.00 4.00
15.00 17.00 20.00 18.00 13.00 12.00 15.00 13.00 6.00 10.00 14.00 22.00 20.00 14.00 7.00 7.00 9.00 7.00 4.00 6.00 5.00 6.00 4.00 5.00 7.00 12.00 10.00 6.00 8.00 4.00 10.00 13.00 13.00 11.00 14.00 8.00 8.00 13.00 5.00 15.00 15.00 14.00 10.00 6.00 6.00 7.00 10.00 16.00 21.00 25.00 28.00 29.00 29.00 27.00 22.00 19.00 19.00 24.00 11.00 12.00 13.00 13.00 6.00 8.00 6.00 6.00 22.00 11.00 6.00 5.00 6.00 4.00 5.00 2.00 2.00 3.00 2.00 3.00
17.00 20.00 19.00 20.00 20.00 19.00 15.00 23.00 22.00 22.00 21.00 24.00 22.00 16.00 9.00 6.00 5.00 5.00 9.00 10.00 11.00 10.00 9.00 9.00 5.00 6.00 8.00 6.00 4.00 6.00 14.00 8.00 7.00 9.00 12.00 10.00 9.00 8.00 7.00 7.00 10.00 8.00 4.00 5.00 11.00 11.00 10.00 9.00 8.00 13.00 16.00 16.00 12.00 7.00 8.00 12.00 12.00 7.00 5.00 9.00 17.00 13.00 22.00 19.00 11.00 17.00 19.00 6.00 6.00 5.00 5.00 5.00 4.00 3.00 3.00 3.00 3.00 4.00
15.00 16.00 18.00 21.00 24.00 23.00 20.00 23.00 24.00 22.00 18.00 20.00 17.00 11.00 8.00 9.00 4.00 3.00 5.00 4.00 7.00 6.00 7.00 11.00 10.00 8.00 8.00 13.00 6.00 7.00 5.00 9.00 5.00 5.00 14.00 12.00 16.00 10.00 7.00 4.00 4.00 6.00 7.00 15.00 12.00 9.00 14.00 23.00 21.00 14.00 8.00 6.00 9.00 8.00 7.00 13.00 12.00 5.00 5.00 6.00 7.00 5.00 4.00 6.00 9.00 11.00 11.00 14.00 10.00 7.00 6.00 4.00 5.00 5.00 6.00 4.00 4.00 3.00
18.00 20.00 23.00 24.00 22.00 19.00 28.00 27.00 21.00 18.00 14.00 14.00 13.00 9.00 11.00 11.00 9.00 9.00 10.00 6.00 8.00 8.00 12.00 12.00 9.00 9.00 9.00 9.00 5.00 5.00 7.00 6.00 4.00 6.00 5.00 8.00 9.00 8.00 10.00 12.00 13.00 7.00 5.00 16.00 20.00 19.00 16.00 19.00 21.00 15.00 11.00 10.00 9.00 6.00 6.00 12.00 19.00 20.00 19.00 12.00 12.00 9.00 5.00 3.00 2.00 4.00 4.00 5.00 8.00 6.00 3.00 5.00 7.00 10.00 7.00 7.00 8.00 7.00
13.00 14.00 15.00 13.00 14.00 27.00 24.00 19.00 16.00 15.00 15.00 14.00 11.00 10.00 10.00 11.00 10.00 11.00 9.00 8.00 10.00 6.00 4.00 7.00 8.00 8.00 10.00 7.00 5.00 4.00 4.00 3.00 8.00 7.00 5.00 6.00 6.00 5.00 10.00 10.00 8.00 19.00 21.00 14.00 17.00 20.00 20.00 18.00 19.00 10.00 3.00 8.00 8.00 6.00 5.00 5.00 6.00 15.00 17.00 12.00 8.00 4.00 2.00 2.00 2.00 9.00 11.00 4.00 1.00 6.00 6.00 9.00 17.00 5.00 12.00 10.00 12.00 17.00
6.00 6.00 12.00 24.00 22.00 19.00 16.00 12.00 10.00 10.00 11.00 11.00 9.00 10.00 10.00 12.00 12.00 13.00 14.00 10.00 9.00 6.00 8.00 10.00 13.00 10.00 9.00 7.00 7.00 7.00 10.00 5.00 8.00 7.00 4.00 5.00 9.00 16.00 16.00 16.00 15.00 14.00 12.00 12.00 15.00 16.00 15.00 17.00 15.00 7.00 5.00 12.00 11.00 9.00 10.00 7.00 9.00 1.00 6.00 4.00 2.00 16.00 4.00 2.00 3.00 7.00 1.00 2.00 4.00 7.00 9.00 8.00 7.00 2.00 5.00 9.00 7.00 7.00
13.00 21.00 21.00 19.00 16.00 13.00 9.00 4.00 6.00 6.00 6.00 7.00 8.00 8.00 9.00 11.00 12.00 17.00 18.00 9.00 8.00 6.00 7.00 5.00 5.00 10.00 12.00 12.00 9.00 7.00 8.00 8.00 5.00 2.00 3.00 10.00 9.00 11.00 8.00 5.00 5.00 8.00 11.00 12.00 10.00 12.00 14.00 12.00 10.00 7.00 9.00 15.00 16.00 9.00 10.00 7.00 8.00 2.00 3.00 6.00 4.00 7.00 5.00 8.00 8.00 3.00 3.00 3.00 9.00 0.00 5.00 4.00 4.00 5.00 8.00 5.00 4.00 6.00
20.00 19.00 16.00 16.00 12.00 9.00 6.00 7.00 11.00 12.00 10.00 11.00 11.00 9.00 9.00 10.00 13.00 20.00 27.00 5.00 12.00 11.00 5.00 5.00 3.00 6.00 14.00 14.00 10.00 8.00 7.00 5.00 2.00 3.00 7.00 7.00 16.00 15.00 12.00 7.00 4.00 7.00 8.00 10.00 10.00 16.00 14.00 10.00 9.00 9.00 8.00 12.00 15.00 14.00 10.00 8.00 14.00 5.00 4.00 3.00 13.00 12.00 8.00 7.00 4.00 9.00 9.00 3.00 26.00 2.00 5.00 2.00 9.00 4.00 4.00 7.00 2.00 5.00
17.00 14.00 15.00 12.00 15.00 15.00 14.00 12.00 11.00 12.00 11.00 8.00 8.00 9.00 7.00 7.00 13.00 18.00 24.00 21.00 13.00 6.00 7.00 9.00 8.00 11.00 15.00 13.00 5.00 7.00 5.00 3.00 5.00 8.00 15.00 13.00 14.00 11.00 6.00 6.00 8.00 7.00 7.00 6.00 10.00 7.00 7.00 9.00 9.00 10.00 10.00 12.00 13.00 11.00 10.00 10.00 17.00 10.00 6.00 3.00 8.00 3.00 11.00 7.00 6.00 5.00 11.00 17.00 17.00 18.00 11.00 13.00 12.00 12.00 13.00 4.00 4.00 7.00
14.00 15.00 16.00 15.00 17.00 19.00 20.00 19.00 16.00 12.00 8.00 7.00 6.00 4.00 8.00 13.00 16.00 20.00 23.00 18.00 11.00 7.00 9.00 8.00 9.00 12.00 8.00 12.00 5.00 4.00 5.00 4.00 8.00 11.00 11.00 12.00 10.00 9.00 5.00 6.00 10.00 11.00 4.00 5.00 5.00 5.00 5.00 5.00 7.00 8.00 8.00 8.00 9.00 10.00 10.00 17.00 20.00 6.00 7.00 4.00 13.00 8.00 10.00 12.00 8.00 10.00 13.00 11.00 10.00 12.00 8.00 4.00 10.00 9.00 9.00 13.00 6.00 5.00
16.00 18.00 18.00 18.00 18.00 15.00 16.00 16.00 16.00 16.00 15.00 13.00 11.00 12.00 13.00 15.00 17.00 19.00 19.00 16.00 13.00 13.00 11.00 6.00 12.00 14.00 12.00 16.00 7.00 5.00 6.00 8.00 9.00 13.00 14.00 12.00 14.00 14.00 13.00 11.00 10.00 10.00 11.00 10.00 11.00 12.00 13.00 13.00 12.00 13.00 12.00 12.00 15.00 19.00 8.00 19.00 6.00 7.00 9.00 11.00 0.00 0.00 12.00 9.00 13.00 9.00 11.00 11.00 8.00 8.00 9.00 10.00 5.00 9.00 7.00 7.00 10.00 3.00
15.00 16.00 17.00 19.00 18.00 16.00 15.00 16.00 18.00 19.00 18.00 18.00 18.00 17.00 17.00 18.00 19.00 18.00 17.00 13.00 13.00 14.00 15.00 10.00 4.00 11.00 9.00 17.00 7.00 9.00 10.00 9.00 8.00 12.00 15.00 17.00 17.00 15.00 16.00 15.00 15.00 14.00 12.00 14.00 17.00 18.00 17.00 16.00 17.00 16.00 17.00 18.00 20.00 21.00 20.00 18.00 18.00 12.00 14.00 12.00 13.00 8.00 6.00 10.00 10.00 7.00 6.00 7.00 5.00 6.00 9.00 6.00 3.00 7.00 8.00 7.00 3.00 11.00
16.00 13.00 15.00 16.00 16.00 17.00 19.00 20.00 19.00 19.00 20.00 20.00 20.00 20.00 20.00 20.00 20.00 17.00 13.00 11.00 12.00 13.00 10.00 13.00 10.00 8.00 18.00 14.00 12.00 9.00 8.00 4.00 6.00 7.00 18.00 19.00 20.00 18.00 18.00 18.00 18.00 17.00 16.00 17.00 17.00 19.00 18.00 17.00 16.00 16.00 16.00 17.00 18.00 21.00 25.00 18.00 11.00 7.00 8.00 5.00 7.00 7.00 7.00 7.00 9.00 9.00 8.00 11.00 8.00 9.00 7.00 7.00 14.00 19.00 10.00 4.00 6.00 7.00
14.00 14.00 14.00 14.00 14.00 14.00 13.00 16.00 18.00 22.00 21.00 21.00 21.00 22.00 21.00 19.00 17.00 15.00 14.00 13.00 11.00 9.00 7.00 6.00 7.00 6.00 3.00 12.00 11.00 16.00 6.00 5.00 5.00 5.00 6.00 8.00 8.00 24.00 20.00 21.00 19.00 18.00 17.00 18.00 16.00 16.00 17.00 18.00 17.00 16.00 14.00 13.00 15.00 18.00 20.00 19.00 12.00 8.00 11.00 5.00 6.00 12.00 13.00 8.00 5.00 6.00 3.00 11.00 9.00 6.00 8.00 9.00 7.00 16.00 7.00 6.00 12.00 10.00
14.00 16.00 16.00 18.00 18.00 19.00 18.00 21.00 17.00 20.00 19.00 21.00 20.00 20.00 19.00 19.00 17.00 15.00 13.00 12.00 10.00 8.00 5.00 6.00 13.00 23.00 23.00 4.00 4.00 4.00 8.00 14.00 11.00 13.00 18.00 20.00 20.00 23.00 23.00 21.00 20.00 20.00 19.00 18.00 17.00 15.00 16.00 17.00 17.00 16.00 11.00 6.00 10.00 16.00 18.00 20.00 13.00 11.00 13.00 16.00 13.00 20.00 10.00 9.00 9.00 11.00 11.00 5.00 7.00 8.00 9.00 15.00 5.00 11.00 4.00 6.00 8.00 14.00
17.00 17.00 18.00 19.00 20.00 20.00 18.00 15.00 16.00 17.00 20.00 20.00 21.00 19.00 19.00 19.00 19.00 15.00 14.00 13.00 10.00 8.00 6.00 9.00 17.00 23.00 23.00 9.00 4.00 9.00 3.00 5.00 15.00 16.00 20.00 22.00 22.00 21.00 20.00 22.00 22.00 20.00 20.00 16.00 17.00 15.00 16.00 16.00 16.00 13.00 10.00 8.00 5.00 12.00 14.00 11.00 5.00 9.00 11.00 12.00 14.00 8.00 11.00 9.00 8.00 8.00 7.00 4.00 7.00 8.00 9.00 8.00 2.00 4.00 11.00 5.00 24.00 28.00
18.00 18.00 19.00 20.00 21.00 19.00 19.00 17.00 16.00 16.00 20.00 18.00 18.00 17.00 14.00 9.00 10.00 8.00 8.00 10.00 8.00 6.00 6.00 9.00 15.00 19.00 14.00 10.00 8.00 8.00 15.00 8.00 9.00 13.00 11.00 6.00 5.00 7.00 13.00 9.00 10.00 12.00 16.00 17.00 15.00 14.00 15.00 12.00 11.00 12.00 10.00 8.00 6.00 9.00 13.00 2.00 3.00 3.00 7.00 5.00 5.00 6.00 4.00 4.00 3.00 4.00 2.00 3.00 8.00 4.00 4.00 2.00 2.00 11.00 13.00 24.00 19.00 39.00
17.00 16.00 18.00 18.00 18.00 17.00 17.00 18.00 17.00 17.00 16.00 16.00 12.00 10.00 12.00 11.00 11.00 11.00 10.00 9.00 12.00 14.00 13.00 14.00 16.00 17.00 16.00 14.00 13.00 14.00 16.00 10.00 10.00 10.00 4.00 3.00 3.00 5.00 4.00 3.00 9.00 10.00 10.00 9.00 7.00 9.00 10.00 8.00 9.00 15.00 8.00 9.00 7.00 12.00 14.00 15.00 5.00 3.00 10.00 8.00 9.00 5.00 9.00 2.00 3.00 3.00 2.00 2.00 3.00 3.00 3.00 5.00 1.00 3.00 22.00 20.00 25.00 34.00
14.00 18.00 16.00 18.00 18.00 16.00 16.00 14.00 12.00 13.00 12.00 14.00 16.00 17.00 16.00 12.00 14.00 16.00 16.00 16.00 16.00 14.00 13.00 13.00 14.00 13.00 14.00 13.00 13.00 12.00 16.00 15.00 13.00 13.00 1.00 4.00 5.00 2.00 3.00 3.00 2.00 2.00 2.00 10.00 9.00 9.00 10.00 14.00 15.00 17.00 16.00 14.00 14.00 13.00 13.00 14.00 14.00 4.00 16.00 15.00 16.00 15.00 7.00 2.00 3.00 2.00 3.00 2.00 1.00 4.00 4.00 8.00 14.00 14.00 19.00 17.00 27.00 25.00
15.00 19.00 19.00 18.00 19.00 17.00 16.00 17.00 17.00 17.00 18.00 19.00 19.00 17.00 17.00 17.00 17.00 18.00 18.00 19.00 17.00 17.00 15.00 15.00 16.00 16.00 16.00 16.00 17.00 15.00 16.00 16.00 14.00 15.00 1.00 3.00 3.00 1.00 2.00 3.00 2.00 3.00 3.00 13.00 13.00 15.00 14.00 15.00 15.00 16.00 16.00 16.00 16.00 15.00 15.00 14.00 14.00 15.00 15.00 14.00 14.00 11.00 10.00 3.00 3.00 3.00 2.00 1.00 2.00 2.00 3.00 5.00 10.00 13.00 8.00 23.00 22.00 21.00
17.00 18.00 18.00 18.00 18.00 15.00 16.00 17.00 17.00 16.00 16.00 17.00 16.00 16.00 17.00 16.00 19.00 20.00 18.00 19.00 18.00 15.00 15.00 17.00 17.00 16.00 17.00 18.00 16.00 15.00 15.00 15.00 16.00 4.00 3.00 2.00 2.00 2.00 2.00 3.00 2.00 2.00 4.00 4.00 4.00 15.00 22.00 16.00 16.00 15.00 16.00 15.00 15.00 13.00 14.00 14.00 13.00 13.00 14.00 12.00 11.00 10.00 10.00 4.00 4.00 3.00 3.00 2.00 3.00 3.00 3.00 3.00 5.00 11.00 24.00 23.00 20.00 19.00
18.00 20.00 20.00 19.00 19.00 18.00 18.00 19.00 18.00 17.00 16.00 15.00 16.00 16.00 18.00 18.00 21.00 20.00 21.00 20.00 20.00 19.00 19.00 19.00 22.00 20.00 20.00 19.00 18.00 19.00 18.00 17.00 20.00 2.00 1.00 2.00 2.00 1.00 3.00 2.00 1.00 3.00 3.00 6.00 3.00 2.00 6.00 23.00 21.00 19.00 18.00 18.00 17.00 17.00 16.00 18.00 17.00 16.00 15.00 12.00 12.00 11.00 11.00 9.00 3.00 5.00 2.00 2.00 3.00 4.00 5.00 12.00 10.00 21.00 23.00 24.00 21.00 20.00
17.00 18.00 18.00 18.00 18.00 17.00 17.00 17.00 16.00 15.00 15.00 13.00 12.00 16.00 17.00 17.00 20.00 19.00 22.00 19.00 20.00 18.00 19.00 21.00 21.00 22.00 23.00 23.00 22.00 22.00 21.00 21.00 21.00 17.00 3.00 2.00 3.00 2.00 2.00 2.00 2.00 1.00 3.00 2.00 3.00 8.00 8.00 10.00 20.00 22.00 21.00 20.00 20.00 19.00 19.00 17.00 16.00 15.00 14.00 14.00 13.00 11.00 10.00 10.00 3.00 3.00 4.00 3.00 5.00 6.00 5.00 5.00 2.00 21.00 19.00 21.00 18.00 19.00
20.00 21.00 26.00 24.00 23.00 22.00 21.00 19.00 17.00 16.00 12.00 11.00 11.00 11.00 14.00 15.00 19.00 19.00 19.00 18.00 19.00 19.00 21.00 23.00 24.00 23.00 25.00 24.00 24.00 24.00 23.00 23.00 24.00 23.00 5.00 2.00 3.00 3.00 2.00 3.00 2.00 4.00 4.00 4.00 6.00 4.00 9.00 6.00 19.00 20.00 23.00 22.00 22.00 20.00 20.00 19.00 14.00 13.00 12.00 12.00 14.00 11.00 11.00 12.00 9.00 4.00 5.00 5.00 6.00 8.00 7.00 16.00 5.00 14.00 15.00 12.00 29.00 23.00
23.00 25.00 23.00 21.00 24.00 21.00 21.00 18.00 20.00 21.00 18.00 11.00 9.00 7.00 9.00 11.00 15.00 19.00 18.00 21.00 19.00 21.00 21.00 22.00 23.00 24.00 24.00 25.00 25.00 25.00 25.00 25.00 25.00 25.00 20.00 5.00 2.00 4.00 6.00 4.00 4.00 2.00 5.00 3.00 5.00 10.00 7.00 16.00 18.00 21.00 24.00 21.00 24.00 21.00 21.00 20.00 20.00 17.00 13.00 12.00 14.00 13.00 13.00 14.00 3.00 1.00 2.00 10.00 9.00 10.00 3.00 19.00 6.00 9.00 15.00 14.00 7.00 21.00
