varietyOfTools/src/main/resources/example/windDirection_2022071623.txt
NCOLS      120
NROWS      60
XLLCORNER    -180
YLLCORNER    -90
CELLSIZE    3
NODATA_VALUE   -9999.000
[rows 0 to 31 of 60, columns 0 to 71 of 120]
60.00 63.00 67.00 71.00 75.00 79.00 83.00 87.00 91.00 95.00 98.00 102.00 105.00 108.00 111.00 114.00 117.00 121.00 125.00 128.00 131.00 134.00 137.00 140.00 143.00 146.00 149.00 153.00 156.00 159.00 161.00 164.00 165.00 165.00 167.00 170.00 173.00 175.00 179.00 168.00 186.00 188.00 191.00 192.00 192.00 194.00 194.00 195.00 195.00 197.00 198.00 200.00 200.00 201.00 202.00 204.00 207.00 211.00 214.00 217.00 219.00 222.00 224.00 228.00 232.00 237.00 242.00 246.00 250.00 254.00 255.00 258.00
96.00 102.00 239.00 233.00 230.00 219.00 214.00 213.00 210.00 210.00 210.00 208.00 205.00 201.00 195.00 186.00 180.00 175.00 177.00 168.00 156.00 147.00 153.00 156.00 156.00 158.00 159.00 165.00 162.00 159.00 162.00 161.00 155.00 152.00 150.00 150.00 150.00 153.00 156.00 160.00 165.00 168.00 153.00 173.00 132.00 150.00 152.00 161.00 156.00 162.00 161.00 161.00 164.00 174.00 186.00 195.00 201.00 207.00 231.00 307.00 36.00 72.00 60.00 62.00 60.00 63.00 66.00 75.00 87.00 106.00 124.00 151.00
144.00 156.00 168.00 177.00 192.00 198.00 201.00 204.00 197.00 198.00 201.00 210.00 217.00 222.00 233.00 241.00 216.00 251.00 237.00 266.00 270.00 291.00 286.00 281.00 19.00 266.00 216.00 186.00 174.00 162.00 175.00 217.00 150.00 173.00 214.00 197.00 225.00 179.00 174.00 145.00 153.00 131.00 129.00 138.00 144.00 139.00 156.00 177.00 167.00 165.00 177.00 302.00 345.00 49.00 354.00 5.00 359.00 15.00 36.00 61.00 69.00 74.00 79.00 87.00 94.00 112.00 126.00 133.00 142.00 154.00 150.00 159.00
123.00 131.00 141.00 144.00 152.00 156.00 161.00 167.00 173.00 177.00 183.00 185.00 198.00 195.00 198.00 206.00 218.00 234.00 246.00 207.00 260.00 278.00 286.00 299.00 309.00 299.00 314.00 313.00 135.00 71.00 231.00 167.00 155.00 130.00 332.00 213.00 77.00 16.00 152.00 150.00 162.00 171.00 180.00 195.00 232.00 244.00 291.00 309.00 304.00 290.00 285.00 313.00 299.00 306.00 1.00 12.00 28.00 43.00 63.00 75.00 88.00 105.00 188.00 137.00 208.00 132.00 137.00 116.00 344.00 164.00 162.00 147.00
129.00 132.00 131.00 137.00 146.00 146.00 150.00 155.00 162.00 167.00 177.00 176.00 183.00 176.00 189.00 216.00 219.00 229.00 230.00 259.00 264.00 247.00 297.00 331.00 330.00 343.00 342.00 339.00 23.00 81.00 212.00 58.00 143.00 353.00 12.00 336.00 345.00 95.00 44.00 23.00 78.00 90.00 93.00 99.00 107.00 112.00 172.00 298.00 333.00 327.00 333.00 318.00 291.00 289.00 341.00 339.00 343.00 348.00 355.00 13.00 84.00 118.00 130.00 133.00 114.00 57.00 82.00 89.00 76.00 71.00 88.00 93.00
219.00 198.00 191.00 188.00 187.00 183.00 177.00 170.00 165.00 167.00 159.00 153.00 147.00 155.00 159.00 165.00 173.00 191.00 279.00 265.00 258.00 28.00 279.00 280.00 300.00 309.00 309.00 303.00 290.00 117.00 320.00 23.00 36.00 177.00 51.00 66.00 94.00 159.00 177.00 186.00 253.00 105.00 119.00 119.00 120.00 114.00 102.00 345.00 348.00 327.00 342.00 312.00 137.00 30.00 312.00 304.00 310.00 305.00 278.00 254.00 245.00 231.00 264.00 260.00 317.00 352.00 332.00 351.00 28.00 46.00 94.00 122.00
256.00 355.00 167.00 165.00 152.00 38.00 33.00 123.00 78.00 69.00 69.00 62.00 63.00 78.00 84.00 83.00 80.00 102.00 92.00 96.00 51.00 210.00 240.00 310.00 332.00 6.00 315.00 320.00 302.00 27.00 17.00 319.00 339.00 127.00 68.00 71.00 70.00 110.00 93.00 99.00 114.00 123.00 169.00 108.00 134.00 116.00 96.00 48.00 6.00 335.00 219.00 238.00 12.00 243.00 189.00 29.00 18.00 6.00 189.00 240.00 247.00 252.00 262.00 351.00 302.00 312.00 313.00 308.00 322.00 148.00 114.00 152.00
70.00 312.00 180.00 150.00 235.00 271.00 228.00 221.00 186.00 155.00 101.00 132.00 102.00 124.00 83.00 142.00 138.00 128.00 147.00 155.00 142.00 55.00 42.00 37.00 323.00 334.00 332.00 327.00 306.00 305.00 17.00 332.00 67.00 222.00 289.00 282.00 52.00 69.00 353.00 185.00 177.00 180.00 9.00 144.00 167.00 75.00 24.00 63.00 300.00 33.00 39.00 45.00 54.00 66.00 80.00 87.00 101.00 120.00 145.00 175.00 217.00 252.00 251.00 292.00 330.00 282.00 306.00 342.00 357.00 153.00 135.00 130.00
195.00 178.00 210.00 222.00 315.00 201.00 298.00 283.00 198.00 231.00 201.00 196.00 227.00 209.00 209.00 198.00 212.00 211.00 162.00 150.00 0.00 117.00 114.00 96.00 76.00 18.00 344.00 336.00 327.00 325.00 309.00 297.00 145.00 339.00 348.00 240.00 326.00 305.00 101.00 41.00 126.00 140.00 165.00 120.00 245.00 231.00 301.00 12.00 26.00 25.00 36.00 60.00 135.00 150.00 213.00 212.00 219.00 229.00 212.00 174.00 177.00 217.00 241.00 282.00 288.00 309.00 315.00 330.00 222.00 181.00 173.00 180.00
226.00 224.00 316.00 6.00 12.00 57.00 90.00 133.00 201.00 175.00 141.00 170.00 210.00 78.00 205.00 215.00 232.00 243.00 218.00 289.00 102.00 120.00 20.00 176.00 105.00 144.00 83.00 9.00 329.00 241.00 298.00 329.00 328.00 273.00 239.00 191.00 135.00 198.00 246.00 251.00 245.00 194.00 161.00 152.00 92.00 302.00 346.00 332.00 299.00 286.00 337.00 251.00 240.00 233.00 231.00 229.00 231.00 234.00 224.00 227.00 204.00 193.00 252.00 329.00 330.00 317.00 324.00 296.00 257.00 201.00 204.00 198.00
312.00 354.00 8.00 18.00 42.00 120.00 153.00 165.00 141.00 123.00 180.00 177.00 177.00 184.00 221.00 216.00 231.00 262.00 346.00 273.00 292.00 266.00 120.00 339.00 81.00 149.00 195.00 205.00 81.00 279.00 309.00 288.00 284.00 264.00 246.00 258.00 158.00 74.00 305.00 159.00 204.00 200.00 188.00 190.00 249.00 282.00 282.00 234.00 236.00 257.00 252.00 246.00 243.00 242.00 241.00 241.00 239.00 221.00 222.00 200.00 211.00 301.00 308.00 5.00 257.00 291.00 318.00 288.00 249.00 218.00 216.00 168.00
351.00 348.00 10.00 251.00 231.00 241.00 220.00 228.00 225.00 225.00 216.00 197.00 195.00 193.00 238.00 268.00 258.00 272.00 252.00 246.00 269.00 288.00 294.00 303.00 196.00 230.00 150.00 141.00 112.00 340.00 9.00 358.00 200.00 231.00 271.00 306.00 177.00 167.00 153.00 140.00 141.00 81.00 105.00 49.00 73.00 103.00 124.00 150.00 189.00 230.00 240.00 238.00 240.00 192.00 4.00 209.00 192.00 125.00 173.00 234.00 207.00 249.00 303.00 287.00 294.00 300.00 318.00 312.00 234.00 207.00 192.00 206.00
309.00 279.00 261.00 247.00 233.00 232.00 228.00 221.00 224.00 225.00 225.00 204.00 210.00 229.00 297.00 324.00 327.00 261.00 358.00 318.00 200.00 18.00 24.00 311.00 231.00 202.00 197.00 160.00 267.00 274.00 267.00 300.00 15.00 96.00 284.00 306.00 258.00 222.00 219.00 105.00 212.00 22.00 11.00 3.00 72.00 148.00 147.00 135.00 142.00 144.00 156.00 29.00 16.00 33.00 108.00 136.00 107.00 134.00 106.00 132.00 162.00 42.00 330.00 279.00 301.00 291.00 282.00 226.00 310.00 208.00 206.00 237.00
270.00 256.00 248.00 244.00 240.00 243.00 224.00 219.00 228.00 240.00 249.00 212.00 225.00 267.00 309.00 324.00 277.00 304.00 131.00 234.00 203.00 222.00 245.00 309.00 280.00 181.00 187.00 180.00 213.00 331.00 165.00 265.00 264.00 179.00 261.00 286.00 265.00 231.00 177.00 189.00 209.00 303.00 109.00 282.00 264.00 257.00 209.00 165.00 155.00 152.00 102.00 66.00 38.00 39.00 123.00 135.00 118.00 98.00 92.00 77.00 62.00 36.00 21.00 27.00 270.00 309.00 271.00 254.00 349.00 254.00 56.00 25.00
257.00 267.00 265.00 258.00 242.00 216.00 213.00 225.00 240.00 255.00 270.00 243.00 252.00 295.00 312.00 315.00 328.00 318.00 302.00 303.00 229.00 318.00 255.00 270.00 310.00 123.00 132.00 63.00 138.00 54.00 75.00 166.00 225.00 228.00 251.00 243.00 253.00 215.00 228.00 194.00 213.00 259.00 252.00 261.00 275.00 274.00 246.00 215.00 179.00 174.00 134.00 20.00 37.00 70.00 140.00 261.00 167.00 98.00 82.00 75.00 76.00 14.00 114.00 330.00 43.00 35.00 354.00 28.00 272.00 353.00 281.00 44.00
33.00 49.00 234.00 207.00 207.00 213.00 216.00 232.00 255.00 270.00 284.00 260.00 297.00 316.00 326.00 318.00 315.00 327.00 342.00 324.00 270.00 263.00 183.00 274.00 332.00 99.00 95.00 93.00 62.00 68.00 87.00 138.00 95.00 110.00 60.00 200.00 186.00 211.00 244.00 241.00 255.00 257.00 234.00 277.00 276.00 276.00 270.00 231.00 224.00 237.00 348.00 0.00 21.00 46.00 133.00 140.00 4.00 135.00 294.00 95.00 182.00 354.00 104.00 93.00 348.00 28.00 175.00 112.00 203.00 234.00 342.00 327.00
192.00 203.00 201.00 204.00 207.00 200.00 214.00 218.00 312.00 1.00 342.00 349.00 342.00 341.00 345.00 340.00 342.00 340.00 358.00 226.00 246.00 279.00 35.00 334.00 216.00 21.00 72.00 65.00 63.00 17.00 144.00 142.00 171.00 153.00 130.00 155.00 163.00 159.00 171.00 256.00 284.00 321.00 324.00 311.00 295.00 273.00 234.00 249.00 263.00 318.00 339.00 337.00 336.00 26.00 157.00 174.00 3.00 274.00 25.00 225.00 193.00 284.00 291.00 197.00 289.00 308.00 64.00 354.00 60.00 0.00 17.00 91.00
195.00 193.00 192.00 185.00 170.00 153.00 126.00 83.00 44.00 38.00 36.00 50.00 37.00 32.00 18.00 18.00 354.00 344.00 329.00 274.00 214.00 191.00 293.00 281.00 325.00 18.00 192.00 187.00 222.00 336.00 199.00 174.00 65.00 113.00 129.00 171.00 227.00 222.00 216.00 199.00 72.00 305.00 306.00 339.00 248.00 233.00 249.00 280.00 327.00 345.00 324.00 318.00 312.00 287.00 222.00 256.00 340.00 4.00 162.00 6.00 78.00 93.00 83.00 138.00 30.00 242.00 318.00 293.00 347.00 354.00 27.00 231.00
176.00 162.00 155.00 135.00 108.00 104.00 90.00 75.00 46.00 36.00 30.00 6.00 288.00 317.00 297.00 340.00 348.00 347.00 338.00 329.00 220.00 169.00 288.00 323.00 259.00 167.00 161.00 166.00 172.00 182.00 180.00 161.00 173.00 195.00 198.00 197.00 192.00 206.00 246.00 283.00 313.00 327.00 331.00 272.00 222.00 235.00 323.00 338.00 332.00 330.00 292.00 309.00 290.00 296.00 324.00 336.00 348.00 312.00 78.00 8.00 39.00 357.00 110.00 109.00 83.00 8.00 343.00 335.00 330.00 297.00 255.00 230.00
147.00 132.00 113.00 105.00 93.00 85.00 87.00 79.00 71.00 61.00 45.00 39.00 49.00 30.00 24.00 16.00 9.00 2.00 348.00 335.00 299.00 164.00 270.00 90.00 110.00 125.00 143.00 148.00 173.00 146.00 117.00 162.00 142.00 153.00 175.00 173.00 164.00 150.00 122.00 5.00 17.00 22.00 222.00 149.00 137.00 66.00 69.00 58.00 17.00 4.00 3.00 345.00 343.00 345.00 358.00 9.00 12.00 138.00 306.00 159.00 135.00 84.00 44.00 47.00 74.00 69.00 8.00 3.00 318.00 305.00 311.00 358.00
110.00 108.00 105.00 98.00 77.00 89.00 90.00 95.00 86.00 77.00 72.00 72.00 72.00 62.00 45.00 30.00 15.00 9.00 359.00 341.00 317.00 300.00 160.00 197.00 87.00 93.00 136.00 153.00 177.00 135.00 105.00 105.00 77.00 126.00 131.00 123.00 126.00 114.00 93.00 72.00 49.00 42.00 60.00 83.00 85.00 73.00 73.00 66.00 69.00 53.00 48.00 39.00 26.00 21.00 39.00 7.00 350.00 124.00 117.00 86.00 0.00 0.00 50.00 87.00 80.00 47.00 9.00 338.00 16.00 32.00 354.00 345.00
113.00 105.00 99.00 95.00 89.00 87.00 99.00 95.00 87.00 80.00 72.00 71.00 74.00 68.00 55.00 39.00 27.00 18.00 12.00 356.00 329.00 323.00 285.00 203.00 204.00 76.00 99.00 142.00 120.00 42.00 57.00 102.00 128.00 113.00 111.00 111.00 114.00 105.00 96.00 81.00 72.00 60.00 66.00 81.00 69.00 69.00 75.00 69.00 69.00 65.00 57.00 44.00 27.00 17.00 21.00 10.00 352.00 43.00 56.00 34.00 31.00 15.00 84.00 89.00 70.00 66.00 18.00 18.00 352.00 306.00 336.00 266.00
114.00 93.00 98.00 96.00 95.00 96.00 81.00 80.00 81.00 80.00 75.00 72.00 71.00 63.00 55.00 47.00 39.00 33.00 23.00 5.00 342.00 335.00 311.00 254.00 276.00 54.00 106.00 104.00 84.00 66.00 36.00 229.00 186.00 81.00 99.00 98.00 106.00 100.00 89.00 80.00 72.00 69.00 67.00 69.00 65.00 68.00 74.00 73.00 69.00 65.00 54.00 38.00 20.00 14.00 9.00 8.00 15.00 106.00 99.00 100.00 91.00 106.00 129.00 96.00 53.00 57.00 341.00 20.00 3.00 4.00 327.00 337.00
96.00 96.00 98.00 99.00 105.00 86.00 91.00 51.00 60.00 71.00 71.00 69.00 65.00 59.00 56.00 50.00 43.00 43.00 30.00 19.00 9.00 350.00 330.00 311.00 288.00 189.00 204.00 78.00 36.00 356.00 120.00 85.00 84.00 56.00 129.00 320.00 105.00 90.00 86.00 77.00 74.00 68.00 70.00 66.00 63.00 73.00 77.00 72.00 66.00 67.00 54.00 33.00 12.00 344.00 314.00 251.00 290.00 173.00 177.00 166.00 141.00 121.00 147.00 189.00 183.00 237.00 120.00 40.00 29.00 34.00 335.00 282.00
103.00 94.00 95.00 93.00 90.00 78.00 69.00 53.00 69.00 69.00 77.00 65.00 63.00 62.00 53.00 51.00 50.00 46.00 45.00 37.00 31.00 16.00 6.00 351.00 1.00 93.00 126.00 210.00 320.00 144.00 56.00 61.00 58.00 84.00 81.00 86.00 79.00 83.00 80.00 80.00 75.00 76.00 68.00 63.00 63.00 70.00 69.00 68.00 66.00 66.00 61.00 49.00 354.00 320.00 287.00 277.00 257.00 199.00 195.00 214.00 196.00 145.00 204.00 160.00 205.00 188.00 199.00 87.00 179.00 183.00 234.00 200.00
93.00 87.00 87.00 84.00 78.00 72.00 68.00 64.00 63.00 69.00 63.00 62.00 62.00 56.00 57.00 54.00 63.00 69.00 57.00 50.00 51.00 46.00 45.00 333.00 320.00 219.00 162.00 190.00 18.00 312.00 224.00 66.00 57.00 63.00 66.00 65.00 77.00 86.00 81.00 76.00 85.00 83.00 74.00 70.00 66.00 63.00 65.00 63.00 68.00 77.00 78.00 87.00 308.00 302.00 304.00 240.00 210.00 220.00 200.00 196.00 211.00 211.00 234.00 215.00 93.00 216.00 207.00 99.00 207.00 202.00 179.00 164.00
90.00 81.00 78.00 78.00 80.00 73.00 66.00 64.00 69.00 63.00 66.00 63.00 63.00 64.00 66.00 87.00 162.00 154.00 190.00 234.00 196.00 267.00 261.00 264.00 257.00 255.00 227.00 306.00 34.00 78.00 63.00 66.00 18.00 30.00 45.00 59.00 50.00 66.00 81.00 81.00 92.00 91.00 78.00 65.00 63.00 61.00 63.00 68.00 73.00 94.00 138.00 192.00 261.00 303.00 248.00 192.00 4.00 204.00 213.00 246.00 255.00 225.00 203.00 180.00 186.00 222.00 201.00 316.00 225.00 147.00 244.00 136.00
71.00 70.00 86.00 86.00 81.00 74.00 71.00 65.00 58.00 62.00 65.00 70.00 87.00 132.00 154.00 151.00 153.00 155.00 138.00 140.00 188.00 201.00 207.00 212.00 210.00 201.00 208.00 226.00 239.00 318.00 234.00 213.00 246.00 287.00 205.00 223.00 77.00 15.00 87.00 42.00 75.00 76.00 97.00 93.00 75.00 57.00 21.00 103.00 177.00 125.00 167.00 174.00 184.00 200.00 215.00 210.00 214.00 235.00 183.00 215.00 199.00 197.00 231.00 167.00 215.00 357.00 324.00 354.00 249.00 214.00 42.00 109.00
96.00 97.00 101.00 97.00 97.00 94.00 87.00 90.00 92.00 105.00 121.00 130.00 132.00 139.00 128.00 128.00 128.00 137.00 140.00 146.00 150.00 156.00 162.00 165.00 162.00 168.00 174.00 198.00 204.00 194.00 201.00 210.00 230.00 252.00 231.00 54.00 39.00 352.00 95.00 121.00 52.00 57.00 105.00 111.00 132.00 141.00 149.00 155.00 158.00 147.00 147.00 146.00 146.00 159.00 167.00 177.00 179.00 192.00 192.00 202.00 206.00 213.00 234.00 328.00 258.00 142.00 24.00 78.00 357.00 73.00 226.00 173.00
105.00 105.00 102.00 93.00 94.00 95.00 102.00 107.00 114.00 126.00 126.00 128.00 122.00 116.00 120.00 123.00 114.00 116.00 123.00 128.00 130.00 131.00 134.00 132.00 137.00 141.00 153.00 158.00 165.00 158.00 177.00 195.00 208.00 250.00 84.00 81.00 53.00 39.00 110.00 15.00 99.00 104.00 72.00 87.00 109.00 122.00 134.00 137.00 137.00 131.00 126.00 126.00 128.00 138.00 146.00 137.00 140.00 155.00 164.00 176.00 190.00 201.00 225.00 222.00 243.00 64.00 70.00 357.00 32.00 31.00 17.00 126.00
99.00 97.00 99.00 95.00 89.00 91.00 100.00 95.00 102.00 104.00 110.00 107.00 110.00 118.00 104.00 111.00 117.00 117.00 122.00 123.00 119.00 129.00 129.00 120.00 122.00 131.00 137.00 140.00 141.00 141.00 161.00 174.00 198.00 348.00 21.00 115.00 148.00 80.00 87.00 28.00 66.00 63.00 54.00 57.00 44.00 74.00 100.00 129.00 119.00 113.00 111.00 111.00 110.00 113.00 120.00 125.00 135.00 144.00 147.00 151.00 166.00 182.00 204.00 247.00 238.00 26.00 13.00 348.00 357.00 84.00 230.00 81.00
111.00 108.00 104.00 102.00 101.00 100.00 102.00 106.00 103.00 110.00 101.00 102.00 102.00 108.00 107.00 108.00 112.00 116.00 116.00 114.00 117.00 119.00 120.00 121.00 120.00 123.00 123.00 130.00 131.00 135.00 144.00 157.00 170.00 297.00 52.00 359.00 50.00 21.00 136.00 8.00 103.00 30.00 52.00 106.00 75.00 132.00 117.00 114.00 131.00 119.00 116.00 117.00 114.00 114.00 126.00 129.00 138.00 143.00 149.00 150.00 154.00 162.00 177.00 216.00 241.00 207.00 60.00 64.00 123.00 81.00 180.00 111.00
